import cv2 as cv
import numpy as np

#Diagnol lines, thickness 1

cv.line(img,(0,0),(512,512),(0,0,0),1)
cv.line(img,(0,1),(512,512),(0,0,0),1)
cv.line(img,(0,2),(512,512),(0,0,0),1)
cv.line(img,(0,3),(512,512),(0,0,0),1)
cv.line(img,(0,4),(512,512),(0,0,0),1)
cv.line(img,(0,5),(512,512),(0,0,0),1)
cv.line(img,(0,6),(512,512),(0,0,0),1)
cv.line(img,(0,7),(512,512),(0,0,0),1)
cv.line(img,(0,8),(512,512),(0,0,0),1)
cv.line(img,(0,9),(512,512),(0,0,0),1)
cv.line(img,(0,10),(512,512),(0,0,0),1)
cv.line(img,(0,11),(512,512),(0,0,0),1)
cv.line(img,(0,12),(512,512),(0,0,0),1)
cv.line(img,(0,13),(512,512),(0,0,0),1)
cv.line(img,(0,14),(512,512),(0,0,0),1)
cv.line(img,(0,15),(512,512),(0,0,0),1)
cv.line(img,(0,16),(512,512),(0,0,0),1)
cv.line(img,(0,17),(512,512),(0,0,0),1)
cv.line(img,(0,18),(512,512),(0,0,0),1)
cv.line(img,(0,19),(512,512),(0,0,0),1)
cv.line(img,(0,20),(512,512),(0,0,0),1)
cv.line(img,(0,21),(512,512),(0,0,0),1)
cv.line(img,(0,22),(512,512),(0,0,0),1)
cv.line(img,(0,23),(512,512),(0,0,0),1)
cv.line(img,(0,24),(512,512),(0,0,0),1)
cv.line(img,(0,25),(512,512),(0,0,0),1)
cv.line(img,(0,26),(512,512),(0,0,0),1)
cv.line(img,(0,27),(512,512),(0,0,0),1)
cv.line(img,(0,28),(512,512),(0,0,0),1)
cv.line(img,(0,29),(512,512),(0,0,0),1)
cv.line(img,(0,30),(512,512),(0,0,0),1)
cv.line(img,(0,31),(512,512),(0,0,0),1)
cv.line(img,(0,32),(512,512),(0,0,0),1)
cv.line(img,(0,33),(512,512),(0,0,0),1)
cv.line(img,(0,34),(512,512),(0,0,0),1)
cv.line(img,(0,35),(512,512),(0,0,0),1)
cv.line(img,(0,36),(512,512),(0,0,0),1)
cv.line(img,(0,37),(512,512),(0,0,0),1)
cv.line(img,(0,38),(512,512),(0,0,0),1)
cv.line(img,(0,39),(512,512),(0,0,0),1)
cv.line(img,(0,40),(512,512),(0,0,0),1)
cv.line(img,(0,41),(512,512),(0,0,0),1)
cv.line(img,(0,42),(512,512),(0,0,0),1)
cv.line(img,(0,43),(512,512),(0,0,0),1)
cv.line(img,(0,44),(512,512),(0,0,0),1)
cv.line(img,(0,45),(512,512),(0,0,0),1)
cv.line(img,(0,46),(512,512),(0,0,0),1)
cv.line(img,(0,47),(512,512),(0,0,0),1)
cv.line(img,(0,48),(512,512),(0,0,0),1)
cv.line(img,(0,49),(512,512),(0,0,0),1)
cv.line(img,(0,50),(512,512),(0,0,0),1)


#straight lines

cv.line(img,(0,0),(512,0),(0,0,0),1)
cv.line(img,(0,1),(512,1),(0,0,0),1)
cv.line(img,(0,2),(512,2),(0,0,0),1)
cv.line(img,(0,3),(512,3),(0,0,0),1)
cv.line(img,(0,4),(512,4),(0,0,0),1)
cv.line(img,(0,5),(512,5),(0,0,0),1)
cv.line(img,(0,6),(512,6),(0,0,0),1)
cv.line(img,(0,7),(512,7),(0,0,0),1)
cv.line(img,(0,8),(512,8),(0,0,0),1)
cv.line(img,(0,9),(512,9),(0,0,0),1)
cv.line(img,(0,10),(512,10),(0,0,0),1)
cv.line(img,(0,11),(512,11),(0,0,0),1)
cv.line(img,(0,12),(512,12),(0,0,0),1)
cv.line(img,(0,13),(512,13),(0,0,0),1)
cv.line(img,(0,14),(512,14),(0,0,0),1)
cv.line(img,(0,15),(512,15),(0,0,0),1)
cv.line(img,(0,16),(512,16),(0,0,0),1)
cv.line(img,(0,17),(512,17),(0,0,0),1)
cv.line(img,(0,18),(512,18),(0,0,0),1)
cv.line(img,(0,19),(512,19),(0,0,0),1)
cv.line(img,(0,20),(512,20),(0,0,0),1)
cv.line(img,(0,21),(512,21),(0,0,0),1)
cv.line(img,(0,22),(512,22),(0,0,0),1)
cv.line(img,(0,23),(512,23),(0,0,0),1)
cv.line(img,(0,24),(512,24),(0,0,0),1)
cv.line(img,(0,25),(512,25),(0,0,0),1)
cv.line(img,(0,26),(512,26),(0,0,0),1)
cv.line(img,(0,27),(512,27),(0,0,0),1)
cv.line(img,(0,28),(512,28),(0,0,0),1)
cv.line(img,(0,29),(512,29),(0,0,0),1)
cv.line(img,(0,30),(512,30),(0,0,0),1)
cv.line(img,(0,31),(512,31),(0,0,0),1)
cv.line(img,(0,32),(512,32),(0,0,0),1)
cv.line(img,(0,33),(512,33),(0,0,0),1)
cv.line(img,(0,34),(512,34),(0,0,0),1)
cv.line(img,(0,35),(512,35),(0,0,0),1)
cv.line(img,(0,36),(512,36),(0,0,0),1)
cv.line(img,(0,37),(512,37),(0,0,0),1)
cv.line(img,(0,38),(512,38),(0,0,0),1)
cv.line(img,(0,39),(512,39),(0,0,0),1)
cv.line(img,(0,40),(512,40),(0,0,0),1)
cv.line(img,(0,41),(512,41),(0,0,0),1)
cv.line(img,(0,42),(512,42),(0,0,0),1)
cv.line(img,(0,43),(512,43),(0,0,0),1)
cv.line(img,(0,44),(512,44),(0,0,0),1)
cv.line(img,(0,45),(512,45),(0,0,0),1)
cv.line(img,(0,46),(512,46),(0,0,0),1)
cv.line(img,(0,47),(512,47),(0,0,0),1)
cv.line(img,(0,48),(512,48),(0,0,0),1)
cv.line(img,(0,49),(512,49),(0,0,0),1)
cv.line(img,(0,50),(512,50),(0,0,0),1)
